X=[
0.675780083333  0.611518625000  0.845004066667  0.568137656000  0.038590580000  0.221606320000  0.892839990000  0.844389790000  0.092854000000  ;
0.182198666667  0.598916000000  0.755711133333  0.828378818000  0.302888590000  0.750433960000  0.270793270000  0.290834340000  0.812515000000  ;
0.082129490741  0.602577000000  0.581570833333  0.786401448000  0.172200510000  0.712422540000  0.236856100000  0.659195910000  0.845597000000  ;
0.005624972222  0.907647500000  0.633755933333  0.083463962000  0.995051140000  0.227287490000  0.854057460000  0.208857880000  0.558416000000  ;
0.306569166667  0.573218500000  0.274302066667  0.931275180000  0.814441650000  0.003160660000  0.526362050000  0.303263340000  0.113720000000  ;
0.065374898148  0.525817250000  0.805242666667  0.626038526000  0.569910620000  0.350150330000  0.397563380000  0.568810740000  0.767029000000  ;
0.246855953704  0.191280125000  0.558887000000  0.815094242000  0.400148980000  0.664277690000  0.797620890000  0.294146380000  0.076409000000  ;
0.405074916667  0.089709125000  0.954722700000  0.549935492000  0.047818140000  0.191515430000  0.150714710000  0.386470570000  0.236734000000  ;
0.594780203704  0.947351375000  0.774107500000  0.505762490000  0.658620100000  0.097269430000  0.543864070000  0.028031890000  0.287271000000  ;
0.290078888889  0.504656875000  0.123568500000  0.714830942000  0.498103580000  0.333134500000  0.035825030000  0.255126750000  0.838524000000  ;
0.301116287037  0.300881000000  0.106178933333  0.323954662000  0.120433830000  0.152482030000  0.717085330000  0.061299070000  0.108787000000  ;
0.434867287037  0.465727625000  0.969475233333  0.543620162000  0.934861530000  0.905978380000  0.746852610000  0.700136570000  0.211863000000  ;
0.152713212963  0.518444250000  0.210070800000  0.605061824000  0.586037100000  0.240256840000  0.293170770000  0.576675590000  0.755528000000  ;
0.609344351852  0.482881625000  0.318743833333  0.710894000000  0.442866210000  0.611055430000  0.963180620000  0.326658270000  0.739936000000  ;
0.378970120370  0.377836750000  0.878141233333  0.126898534000  0.448370450000  0.596322880000  0.659025180000  0.928422410000  0.829692000000  ;
0.636144509259  0.434267875000  0.308466466667  0.050953172000  0.778046880000  0.145039290000  0.394833230000  0.584410530000  0.193046000000  ;
0.011674648148  0.417906750000  0.009386900000  0.035267432000  0.854542260000  0.403517000000  0.617879310000  0.327084950000  0.482023000000  ;
0.735794240741  0.763791500000  0.039217266667  0.421415998000  0.289977970000  0.426660910000  0.259501740000  0.836596710000  0.071236000000  ;
0.446072398148  0.381979000000  0.188851366667  0.570570552000  0.885380920000  0.233139120000  0.809335850000  0.072866720000  0.672430000000  ;
0.571557601852  0.038653000000  0.191808000000  0.563996686000  0.612645520000  0.600641570000  0.699455980000  0.722865990000  0.645028000000  ;
0.314344111111  0.203613875000  0.696221733333  0.922937382000  0.859201270000  0.631800420000  0.662131320000  0.484566970000  0.583536000000  ;
0.061597250000  0.970245125000  0.516465200000  0.961467130000  0.222552180000  0.993468500000  0.921428060000  0.247507050000  0.797579000000  ;
0.680405842593  0.450028750000  0.168530866667  0.919599420000  0.989454010000  0.393807180000  0.783904130000  0.949856420000  0.145328000000  ;
0.769457018519  0.740865750000  0.239208200000  0.488012220000  0.100386070000  0.382546980000  0.837705560000  0.892398350000  0.940892000000  ;
0.874297861111  0.501888750000  0.241022200000  0.643951534000  0.763267750000  0.872886300000  0.851194080000  0.973825340000  0.902455000000  ;
0.323164129630  0.179550125000  0.883301166667  0.011685238000  0.345688630000  0.588981420000  0.969952720000  0.865363300000  0.883179000000  ;
0.469848138889  0.072747250000  0.470497600000  0.169595176000  0.031062360000  0.634326690000  0.630464560000  0.167770380000  0.640104000000  ;
0.424554888889  0.076069875000  0.269323566667  0.337936992000  0.972515940000  0.329775170000  0.509406340000  0.000433480000  0.334185000000  ;
0.737516685185  0.687264875000  0.761806866667  0.341331992000  0.061656100000  0.606884510000  0.433517460000  0.553779270000  0.748911000000  ;
0.124791342593  0.713731125000  0.604233266667  0.119416852000  0.468163690000  0.138973100000  0.269941250000  0.399818370000  0.302496000000  ;
0.584767703704  0.974629375000  0.536507200000  0.846062626000  0.292498430000  0.288344460000  0.707397440000  0.777255700000  0.680856000000  ;
0.154552685185  0.367574250000  0.644719366667  0.480098896000  0.126817900000  0.698323730000  0.767361600000  0.562094680000  0.693665000000  ;
0.587143222222  0.306879875000  0.468919933333  0.742702582000  0.462346890000  0.829438020000  0.995559100000  0.310204640000  0.534807000000  ;
0.640355824074  0.181125500000  0.590356200000  0.579126724000  0.317340530000  0.530143270000  0.561364580000  0.507377530000  0.911050000000  ;
0.818692527778  0.375873750000  0.618354866667  0.310463064000  0.557545740000  0.824503780000  0.298960740000  0.609978490000  0.825245000000  ;
0.617172768519  0.046970250000  0.638444933333  0.899104270000  0.603242990000  0.690617420000  0.876225240000  0.440836710000  0.730618000000  ;
0.252430925926  0.815164625000  0.998262333333  0.112786384000  0.040510320000  0.884243220000  0.226954930000  0.123070410000  0.213648000000  ;
0.341621703704  0.386565750000  0.960071500000  0.102719826000  0.593770680000  0.979732470000  0.076992960000  0.016868050000  0.807768000000  ;
0.610040398148  0.262525125000  0.700088700000  0.542139262000  0.951385150000  0.700194490000  0.677333640000  0.572122940000  0.139818000000  ;
0.508230944444  0.148913500000  0.661510133333  0.839401158000  0.204000230000  0.673321430000  0.261751300000  0.282665890000  0.364989000000  ;
0.286473925926  0.271094000000  0.924189400000  0.619613238000  0.565793360000  0.895416150000  0.011820490000  0.423244580000  0.960191000000  ;
0.207946851852  0.719801500000  0.140252300000  0.335319384000  0.918269010000  0.024810890000  0.534089990000  0.344398520000  0.306773000000  ;
0.347271472222  0.827621625000  0.685040533333  0.868626050000  0.187482250000  0.270832220000  0.196304140000  0.576055050000  0.860954000000  ;
0.368065666667  0.142095375000  0.552722733333  0.861701232000  0.722361820000  0.276429120000  0.518596020000  0.141916640000  0.242550000000  ;
0.293691824074  0.756443875000  0.417481433333  0.650306216000  0.734457810000  0.535399660000  0.411846920000  0.064502600000  0.344878000000  ;
0.385226620370  0.442357375000  0.322207900000  0.819809490000  0.191677800000  0.216002970000  0.309716570000  0.116884880000  0.033818000000  ;
0.662287564815  0.007858000000  0.076959100000  0.321097730000  0.894515950000  0.733387530000  0.302114010000  0.214260930000  0.011578000000  ;
0.765682694444  0.792536875000  0.498971666667  0.364724678000  0.829657950000  0.846839430000  0.949874470000  0.129647080000  0.453702000000  ;
0.722144962963  0.847199750000  0.970101666667  0.574328592000  0.186421580000  0.259417030000  0.046627350000  0.313701210000  0.164185000000  ;
0.162614259259  0.817761875000  0.949520533333  0.135961716000  0.503955050000  0.924792970000  0.980493400000  0.734690870000  0.602180000000  ;
0.797159398148  0.099729125000  0.314209066667  0.980017162000  0.327599910000  0.176782000000  0.360562550000  0.203797400000  0.327149000000  ;
0.360238611111  0.116651875000  0.597043400000  0.607379202000  0.007196070000  0.730168670000  0.889754450000  0.451115280000  0.209083000000  ;
0.352713435185  0.454621125000  0.495523900000  0.147316048000  0.115573820000  0.171571760000  0.039320070000  0.041726350000  0.974609000000  ;
0.218455064815  0.751022750000  0.012509966667  0.611532228000  0.458602300000  0.580087110000  0.992522600000  0.036577440000  0.426858000000  ;
0.420865509259  0.891590625000  0.081199133333  0.968789458000  0.283122920000  0.439585750000  0.424527880000  0.823721310000  0.416323000000  ;
0.636813537037  0.429805250000  0.172801500000  0.238969660000  0.872108520000  0.785732300000  0.902983260000  0.284222300000  0.560612000000  ;
0.053760305556  0.353712250000  0.092493366667  0.971706728000  0.480433770000  0.513206070000  0.826916910000  0.938404650000  0.395229000000  ;
0.556173305556  0.158523375000  0.889671700000  0.447930558000  0.623848410000  0.417041980000  0.954216200000  0.080403760000  0.442039000000  ;
0.512163000000  0.002158500000  0.480412400000  0.088664824000  0.889323020000  0.866943170000  0.095828740000  0.022947140000  0.627815000000  ;
0.857870453704  0.432484500000  0.281411533333  0.562375518000  0.426258640000  0.110401490000  0.319378250000  0.853234080000  0.058067000000  ;
0.439271111111  0.279836750000  0.965988766667  0.343687826000  0.583239720000  0.509857430000  0.051759160000  0.352648740000  0.939669000000  ;
0.650913203704  0.534056500000  0.291027733333  0.648173474000  0.404299600000  0.318419250000  0.334221220000  0.438797670000  0.745117000000  ;
0.049578574074  0.263979250000  0.004751333333  0.289605268000  0.678452920000  0.637310620000  0.142324210000  0.174195410000  0.684354000000  ;
0.498454129630  0.336769375000  0.770164300000  0.187202198000  0.554503550000  0.605168230000  0.811141720000  0.953424430000  0.858227000000  ;
0.104938231481  0.541288375000  0.255998233333  0.403585738000  0.937962320000  0.372456410000  0.220595020000  0.894395070000  0.552829000000  ;
0.070465611111  0.479474250000  0.918269066667  0.264756476000  0.065092390000  0.148421760000  0.283226300000  0.258958130000  0.396914000000  ;
0.575402907407  0.103322250000  0.041597333333  0.153629788000  0.411030320000  0.435693460000  0.219811710000  0.406597380000  0.664771000000  ;
0.566758027778  0.134423500000  0.854446733333  0.382613554000  0.485309600000  0.126892330000  0.312488440000  0.024650770000  0.261170000000  ;
0.692779685185  0.980151000000  0.455720033333  0.770177486000  0.342035540000  0.931278600000  0.612131010000  0.392024740000  0.469977000000  ;
0.655633351852  0.824271250000  0.263169966667  0.280716622000  0.050717840000  0.529141110000  0.914011730000  0.407616600000  0.803855000000  ;
0.052569824074  0.051499375000  0.869689733333  0.955506086000  0.920939600000  0.300416060000  0.863016620000  0.217627130000  0.525138000000  ;
0.459077768519  0.855219000000  0.486761500000  0.138345636000  0.072485180000  0.299510080000  0.570393530000  0.595819010000  0.021711000000  ;
0.074721055556  0.772747625000  0.043479900000  0.305474610000  0.014197970000  0.818645180000  0.599803790000  0.074380640000  0.650887000000  ;
0.474208444444  0.327826875000  0.778044666667  0.397835122000  0.196530890000  0.812545320000  0.877806350000  0.688264430000  0.379755000000  ;
0.833259962963  0.762908500000  0.542646033333  0.847822736000  0.084345530000  0.778026310000  0.732410900000  0.811173150000  0.013958000000  ;
0.806340037037  0.894885375000  0.245627433333  0.454249324000  0.808026070000  0.203993780000  0.041417010000  0.228361550000  0.278824000000  ;
0.453447490741  0.304308000000  0.218121833333  0.366838902000  0.154916260000  0.585583980000  0.594990340000  0.272334540000  0.270627000000  ;
0.599368212963  0.737150125000  0.993274000000  0.659187356000  0.873703240000  0.493318040000  0.973351550000  0.832409160000  0.693155000000  ;
0.704041037037  0.564861125000  0.445844600000  0.206920678000  0.211117560000  0.568082370000  0.736992850000  0.876881470000  0.527736000000  ;
0.506183546296  0.317341625000  0.716183166667  0.161386572000  0.830085990000  0.337740590000  0.907523870000  0.059476800000  0.306542000000  ;
0.211817046296  0.527494000000  0.414230300000  0.532917216000  0.058693330000  0.055144650000  0.759768700000  0.462369350000  0.908383000000  ;
0.388530518519  0.170050000000  0.231135166667  0.255106360000  0.588273750000  0.320061770000  0.449153250000  0.473397150000  0.904086000000  ;
0.022595166667  0.257959000000  0.295128633333  0.630862058000  0.613819970000  0.086120190000  0.203377650000  0.786600790000  0.740186000000  ;
0.233882027778  0.387459250000  0.747697133333  0.396622022000  0.332501920000  0.223914500000  0.704398700000  0.378797780000  0.537828000000  ;
0.718014879630  0.652965250000  0.959716566667  0.414177262000  0.435457150000  0.397251720000  0.405670000000  0.077145220000  0.411021000000  ;
0.354703129630  0.187448875000  0.035391566667  0.924295742000  0.337297840000  0.877284700000  0.484152540000  0.008301800000  0.371640000000  ;
0.872865000000  0.775427750000  0.325191766667  0.210252486000  0.793198090000  0.891754260000  0.216602800000  0.144624860000  0.946346000000  ;
0.615039027778  0.593366375000  0.532287033333  0.003231294000  0.901489340000  0.983528120000  0.265770220000  0.004457790000  0.324355000000  ;
0.461298972222  0.194517750000  0.380155666667  0.557988338000  0.543418040000  0.260155830000  0.159192660000  0.961102930000  0.256641000000  ;
0.479180231481  0.568273250000  0.623601066667  0.464470828000  0.633072630000  0.659307420000  0.165300750000  0.495993860000  0.048886000000  ;
0.077898990741  0.767328125000  0.826234100000  0.201562222000  0.541648530000  0.650554120000  0.579195620000  0.793665490000  0.784626000000  ;
0.519360601852  0.217241125000  0.029118100000  0.375636540000  0.948242120000  0.498310950000  0.030691820000  0.731257910000  0.438115000000  ;
0.472011092593  0.498111125000  0.146979733333  0.638386708000  0.912979950000  0.188233590000  0.513798310000  0.828287130000  0.848683000000  ;
0.272759694444  0.320563125000  0.458216533333  0.912889122000  0.201650410000  0.464841690000  0.777557300000  0.814727100000  0.716521000000  ;
0.382734981481  0.126823500000  0.746110933333  0.896148182000  0.738125880000  0.032271260000  0.790625840000  0.332540030000  0.003422000000  ;
0.703140101852  0.888011500000  0.422565833333  0.947905858000  0.355502700000  0.072874230000  0.589628400000  0.152697250000  0.991078000000  ;
0.220653703704  0.494550875000  0.520314333333  0.974895256000  0.692828800000  0.116748420000  0.965444650000  0.428783530000  0.218376000000  ;
0.311028620370  0.198052000000  0.368004300000  0.240616742000  0.965357410000  0.295083100000  0.865133310000  0.503169990000  0.310211000000  ;
0.644266611111  0.859383875000  0.228033266667  0.470155484000  0.123524550000  0.687670130000  0.489844570000  0.989434460000  0.186144000000  ;
0.931915611111  0.881196375000  0.235704533333  0.706262200000  0.369311790000  0.874358720000  0.181974700000  0.946154130000  0.039875000000  ;
0.106693370370  0.703675000000  0.360161966667  0.900284576000  0.419332940000  0.592617230000  0.762069580000  0.684402570000  0.426552000000  ;
0.670213018519  0.252153750000  0.152150633333  0.797545338000  0.748768110000  0.915950510000  0.325233520000  0.337637950000  0.761684000000  ;
0.407446314815  0.864688500000  0.799510500000  0.036950684000  0.798941610000  0.028881770000  0.328916620000  0.414053580000  0.027576000000  ;
0.193879111111  0.545764875000  0.988806100000  0.204825928000  0.637169140000  0.570056390000  0.557003560000  0.237297130000  0.249340000000  ;
0.030130462963  0.959539125000  0.301384900000  0.477821628000  0.666402370000  0.943802800000  0.694470010000  0.816928370000  0.620598000000  ;
0.418851805556  0.470981125000  0.410051900000  0.066670010000  0.687440310000  0.616398880000  0.135845150000  0.191810700000  0.198785000000  ;
0.091738907407  0.405174250000  0.722911633333  0.878117004000  0.512264930000  0.617520030000  0.346410670000  0.469391670000  0.851227000000  ;
0.308297629630  0.390693625000  0.347043800000  0.140089224000  0.452504640000  0.552538040000  0.376585940000  0.456477860000  0.432175000000  ;
0.430725944444  0.813106125000  0.379467133333  0.673358808000  0.082914130000  0.547108280000  0.522553870000  0.718568100000  0.490013000000  ;
0.169082296296  0.555570125000  0.338649333333  0.726537100000  0.755620370000  0.044519820000  0.847490420000  0.267987380000  0.409747000000  ;
0.534336092593  0.516419875000  0.441594166667  0.452521798000  0.475803210000  0.866488230000  0.669476630000  0.335570440000  0.458749000000  ;
0.542124500000  0.576194375000  0.865605266667  0.292817070000  0.784702640000  0.106703030000  0.998722310000  0.648611160000  0.388823000000  ;
0.777682694444  0.821315250000  0.537281600000  0.492304162000  0.297595290000  0.563158360000  0.824252070000  0.858001000000  0.588935000000  ;
0.632269055556  0.286503500000  0.343181600000  0.220056304000  0.248623980000  0.757098750000  0.118163250000  0.885329490000  0.766053000000  ;
0.411197712963  0.591970250000  0.980133700000  0.298524660000  0.852622950000  0.973659300000  0.009108320000  0.550956780000  0.929472000000  ;
0.255921287037  0.726807625000  0.736245300000  0.779338304000  0.265344550000  0.264909590000  0.971754970000  0.838257890000  0.417721000000  ;
0.326268851852  0.875999750000  0.117414700000  0.426310054000  0.353050910000  0.970165220000  0.787056940000  0.433453880000  0.202462000000  ;
0.795754138889  0.360679500000  0.631286166667  0.217085026000  0.773363810000  0.693620040000  0.833234560000  0.713812580000  0.286154000000  ;
0.226619703704  0.626257250000  0.109981933333  0.371437256000  0.322211780000  0.723509360000  0.700402200000  0.457267780000  0.322371000000  ;
0.707528740741  0.670684250000  0.204721533333  0.095830500000  0.667033360000  0.446604850000  0.903730040000  0.655499670000  0.831710000000  ;
0.339426944444  0.631696625000  0.175251733333  0.070106182000  0.605580010000  0.279890780000  0.455197040000  0.557691800000  0.570514000000  ;
0.449463694444  0.282543000000  0.333470433333  0.004736460000  0.759125940000  0.992845590000  0.458806020000  0.185829500000  0.221602000000  ;
0.649722416667  0.664507500000  0.934225166667  0.401050186000  0.199495030000  0.181322650000  0.803928120000  0.773494280000  0.511230000000  ;
0.679159675926  0.293235875000  0.682316866667  0.832464798000  0.975080170000  0.173368320000  0.782301990000  0.011361860000  0.789027000000  ;
0.228511824074  0.461161875000  0.363642066667  0.665772326000  0.376270680000  0.441552200000  0.548226490000  0.599343220000  0.235263000000  ;
0.242562777778  0.469179000000  0.627279900000  0.934712294000  0.708363640000  0.720117610000  0.230654620000  0.758873960000  0.273899000000  ;
0.464936990741  0.531162750000  0.427926466667  0.615045122000  0.069397140000  0.158067050000  0.018584370000  0.952964830000  0.130224000000  ;
0.260213851852  0.221055250000  0.350065900000  0.634491892000  0.306030440000  0.057508460000  0.642886530000  0.772642570000  0.979549000000  ;
0.357787694444  0.476481875000  0.401762733333  0.988148146000  0.359838520000  0.122540720000  0.316648030000  0.212882660000  0.661633000000  ;
0.693586657407  0.694087125000  0.297549633333  0.938329910000  0.768694520000  0.598274800000  0.087964000000  0.940753580000  0.506974000000  ;
0.147743046296  0.491159750000  0.587359866667  0.081615166000  0.529766620000  0.389840860000  0.466243010000  0.362415990000  0.470306000000  ;
0.024816120370  0.132660750000  0.030277600000  0.789224514000  0.727533960000  0.763621480000  0.136686140000  0.504988430000  0.668367000000  ;
0.156678842593  0.903943375000  0.890264533333  0.782472822000  0.752679060000  0.416327450000  0.255863690000  0.615690220000  0.994559000000  ;
0.173383722222  0.940947500000  0.978223866667  0.025838772000  0.226981320000  0.505622770000  0.840886330000  0.802699240000  0.637217000000  ;
0.059778611111  0.645685500000  0.561236633333  0.688928074000  0.023355240000  0.745976480000  0.649783940000  0.671551310000  0.953151000000  ;
0.279076564815  0.547495250000  0.266011833333  0.914767730000  0.092018490000  0.004349210000  0.167754160000  0.981359800000  0.972395000000  ;
0.820924731481  0.659247625000  0.185282233333  0.744458282000  0.608362850000  0.047676720000  0.192670060000  0.418167580000  0.964041000000  ;
0.885722694444  0.744591125000  0.098386100000  0.908071352000  0.958464880000  0.907885520000  0.710627420000  0.162400750000  0.160417000000  ;
0.791206287037  0.809498250000  0.398395000000  0.022957408000  0.489621830000  0.771933550000  0.880914720000  0.637998880000  0.296211000000  ;
0.754704916667  0.030681625000  0.251598833333  0.032906844000  0.712974600000  0.089658740000  0.453143130000  0.095667690000  0.016750000000  ;
0.344706916667  0.641352375000  0.021763266667  0.387013832000  0.140784880000  0.951159530000  0.917495190000  0.354495480000  0.348468000000  ;
0.396943750000  0.226474875000  0.374465666667  0.418614856000  0.076812140000  0.574583930000  0.348904710000  0.187471100000  0.699054000000  ;
0.202787268519  0.539006750000  0.691783666667  0.173643318000  0.549138120000  0.197581670000  0.683138610000  0.787096510000  0.111755000000  ;
0.536810009259  0.838458500000  0.013352100000  0.591104252000  0.597989890000  0.093426690000  0.199811610000  0.200459740000  0.678711000000  ;
0.317825962963  0.004256375000  0.750776666667  0.774682672000  0.908263290000  0.377248290000  0.721098460000  0.262347700000  0.782525000000  ;
0.165230194444  0.928285500000  0.792205333333  0.642346460000  0.035364400000  0.125714080000  0.770126560000  0.132362600000  0.542627000000  ;
0.140072935185  0.748395500000  0.554139700000  0.459719244000  0.551580540000  0.910388620000  0.743314360000  0.372473210000  0.447418000000  ;
0.190340518519  0.078123000000  0.741020733333  0.440571126000  0.130197610000  0.369036540000  0.178400850000  0.252215440000  0.619184000000  ;
0.178323092593  0.184840500000  0.525826133333  0.045383946000  0.644100580000  0.645755770000  0.384975750000  0.048142670000  0.656276000000  ;
0.120599611111  0.802457250000  0.673622733333  0.386421582000  0.629578520000  0.680867620000  0.729165380000  0.590573150000  0.420167000000  ;
0.135528453704  0.207042250000  0.448942300000  0.064899464000  0.105855800000  0.844018130000  0.422274440000  0.148166990000  0.251303000000  ;
0.280014851852  0.777450375000  0.110303366667  0.668495892000  0.535769240000  0.928038260000  0.537499650000  0.706482640000  0.969570000000  ;
0.501270148148  0.897519250000  0.512305966667  0.977848572000  0.866025190000  0.409235230000  0.467579100000  0.172777910000  0.813374000000  ;
0.402526898148  0.870893125000  0.197708966667  0.055456654000  0.005862440000  0.624789480000  0.932684510000  0.549791150000  0.556113000000  ;
0.231409907407  0.247518875000  0.672411766667  0.429590544000  0.166258460000  0.247417410000  0.899882300000  0.693153890000  0.853890000000  ;
0.580176796296  0.397746750000  0.951767333333  0.555365556000  0.818607020000  0.961026210000  0.683986050000  0.723596100000  0.009350000000  ;
0.824856546296  0.125711250000  0.127610733333  0.887852830000  0.181782530000  0.392045010000  0.433282640000  0.782096320000  0.093373000000  ;
0.741316324074  0.932848375000  0.395449866667  0.875857908000  0.029409260000  0.683670500000  0.414495890000  0.635709520000  0.818249000000  ;
0.800463870370  0.634097000000  0.272301200000  0.226450274000  0.899893350000  0.022284020000  0.113519630000  0.666847280000  0.734233000000  ;
0.592687342593  0.508536000000  0.615040933333  0.859488618000  0.724712130000  0.067098210000  0.064172770000  0.544327810000  0.140319000000  ;
0.364777259259  0.520299875000  0.157723933333  0.353512126000  0.660506210000  0.719209060000  0.836500160000  0.038148610000  0.383166000000  ;
0.787625157407  0.985198125000  0.485991700000  0.601854410000  0.314834350000  0.813539300000  0.162327220000  0.193525200000  0.520650000000  ;
0.687945555556  0.370330750000  0.821333133333  0.378269416000  0.465163450000  0.100639110000  0.130425620000  0.904872450000  0.751624000000  ;
0.729331731481  0.587031500000  0.059234933333  0.763228344000  0.226117150000  0.164958750000  0.821869650000  0.053780810000  0.822320000000  ;
0.009000555556  0.110217625000  0.051066266667  0.473612754000  0.398216010000  0.134966060000  0.320389090000  0.977772500000  0.591265000000  ;
0.044694657407  0.916344625000  0.208532766667  0.679820740000  0.087390410000  0.486652120000  0.671219210000  0.674884700000  0.583176000000  ;
0.730091148148  0.682325125000  0.372223766667  0.272365072000  0.108063810000  0.431836580000  0.626319300000  0.921516750000  0.872272000000  ;
0.128817527778  0.082656125000  0.165303966667  0.229537908000  0.214097020000  0.679321930000  0.713730740000  0.760282140000  0.779538000000  ;
0.563662120370  0.649635500000  0.404437600000  0.328565478000  0.650285000000  0.579388160000  0.635862550000  0.317661800000  0.106386000000  ;
0.393284925926  0.950930125000  0.665946733333  0.945406654000  0.882231170000  0.236805920000  0.745387100000  0.738710600000  0.946798000000  ;
0.014687666667  0.297644625000  0.566812366667  0.043109978000  0.800212210000  0.513854020000  0.627929150000  0.589603230000  0.865181000000  ;
0.531319629630  0.552039375000  0.070909266667  0.246725878000  0.479190090000  0.385225020000  0.369135860000  0.069281360000  0.359139000000  ;
0.266106212963  0.016479375000  0.795158000000  0.994234670000  0.890615040000  0.142777400000  0.200601110000  0.542211570000  0.866769000000  ;
0.625012185185  0.486604125000  0.726656533333  0.347793014000  0.519914040000  0.183365060000  0.206785390000  0.899689650000  0.281843000000  ;
0.490516518519  0.735910750000  0.384398333333  0.177540950000  0.718399770000  0.091068640000  0.020397300000  0.752603590000  0.150486000000  ;
0.711013305556  0.609429750000  0.464747633333  0.126366248000  0.622459750000  0.210612650000  0.068775820000  0.875648610000  0.877160000000  ;
0.579908194444  0.122432625000  0.571934833333  0.181898992000  0.940163820000  0.708315570000  0.814752780000  0.489329890000  0.888925000000  ;
0.427344518519  0.831548000000  0.061029233333  0.259216282000  0.218591120000  0.447599770000  0.295282940000  0.342309420000  0.674915000000  ;
0.605743537037  0.852381625000  0.549840233333  0.444149192000  0.393764530000  0.781042900000  0.187602950000  0.016324280000  0.268101000000  ;
0.118084787037  0.660648125000  0.139647266667  0.655354310000  0.573676600000  0.555090980000  0.332285320000  0.993026860000  0.935865000000  ;
0.776614027778  0.978993250000  0.259898833333  0.122513794000  0.325165190000  0.881540500000  0.750442950000  0.401240150000  0.319273000000  ;
0.115857268519  0.686215000000  0.857144700000  0.758567682000  0.699779860000  0.799820540000  0.184016000000  0.221112480000  0.926090000000  ;
0.188065444444  0.043151000000  0.069529433333  0.964647654000  0.506770370000  0.832199880000  0.978200860000  0.090183790000  0.188213000000  ;
];